461,321,755,319,755,369,461,371
469,245,679,246,679,303,468,301
151,271,234,273,233,287,151,286
259,190,381,192,380,209,259,207
131,407,240,410,239,425,131,422
487,911,557,911,557,930,487,929
912,575,1028,576,1028,592,912,591
233,629,333,631,333,648,233,646
587,705,658,707,658,722,587,720
125,251,213,254,212,271,125,268
157,445,236,448,236,463,157,460
827,190,948,192,947,209,827,207
525,433,604,435,604,451,525,450
127,327,206,328,206,342,126,341
136,671,196,673,195,689,136,687
830,309,934,308,934,324,830,325
996,252,1090,253,1089,269,996,268
592,37,646,36,646,52,592,53
1042,429,1091,430,1090,443,1042,442
832,99,909,98,909,112,832,114
826,171,915,171,915,185,826,184
1007,351,1089,349,1089,364,1007,366
844,274,896,274,896,286,844,285
131,292,181,292,182,304,131,305
459,433,521,434,521,450,459,449
267,170,329,172,329,186,267,185
856,809,921,808,921,824,857,825
124,709,184,711,184,725,124,723
290,348,358,349,357,365,290,364
865,754,932,755,932,771,865,770
308,290,370,291,370,306,308,305
616,688,670,689,669,703,616,702
821,636,903,635,903,652,822,653
819,519,884,519,883,533,819,532
588,2,659,3,659,18,588,17
183,689,318,689,318,706,183,705
458,198,563,199,563,216,458,215
1009,501,1092,500,1092,514,1009,515
120,810,199,811,199,826,120,825
122,191,210,192,210,208,122,207
687,137,767,138,767,154,686,152
705,200,758,200,759,214,705,214
488,113,579,115,579,135,487,133
526,175,594,177,593,190,526,188
122,650,184,649,185,665,122,666
920,518,964,519,964,533,920,532
951,309,1014,310,1014,324,950,323
300,100,355,99,355,112,300,113
184,464,261,465,261,478,184,477
830,213,886,215,885,227,829,225
623,550,695,551,695,568,623,567
169,309,223,311,223,323,169,322
466,705,505,707,504,720,465,718
823,329,913,331,913,345,823,344
485,137,536,137,536,153,485,153
175,592,238,591,238,604,175,606
209,534,261,535,261,550,208,549
524,413,596,413,596,428,524,427
124,367,185,368,185,383,124,382
491,627,559,628,559,642,490,641
119,348,212,347,212,363,119,364
831,250,924,252,924,269,831,267
333,118,406,117,406,131,333,132
204,252,274,255,273,271,203,268
576,909,639,909,639,929,576,929
826,293,916,292,916,305,826,307
124,386,185,387,185,401,124,400
195,427,257,429,257,443,195,441
1036,292,1077,292,1077,304,1036,305
833,153,899,155,899,168,833,167
660,90,738,89,739,109,660,110
123,793,169,792,170,806,123,808
893,554,950,555,949,570,892,569
199,212,263,214,263,227,198,226
187,9,226,9,226,26,187,25
571,89,658,90,657,110,571,109
479,600,552,601,552,615,479,614
280,499,348,501,348,516,280,514
130,97,220,98,220,114,130,113
579,721,640,723,639,739,578,738
290,610,356,611,356,625,290,624
888,212,939,213,938,227,887,226
124,592,169,590,170,604,125,605
284,517,344,518,344,533,283,532
820,501,877,500,877,513,820,514
923,501,978,500,978,514,924,514
276,483,334,482,335,495,276,496
820,446,874,446,874,461,820,461
995,212,1052,213,1052,228,994,228
542,453,604,454,603,470,541,469
228,153,278,154,277,168,227,167
131,171,195,172,195,186,131,184
825,351,873,351,873,364,825,363
265,116,331,117,331,131,265,130
291,591,349,592,348,606,291,605
255,651,313,650,313,663,255,665
212,500,272,502,272,517,211,515
145,117,207,119,207,131,145,130
460,549,518,550,518,566,460,565
849,231,900,232,900,244,849,243
1036,333,1090,332,1090,345,1036,346
1060,393,1106,392,1107,406,1060,407
122,731,174,731,174,747,123,747
212,769,257,768,257,784,213,784
974,1006,1024,1006,1024,1021,974,1021
600,516,653,515,653,531,601,532
326,308,378,309,377,324,326,322
488,884,546,883,546,903,488,904
308,734,358,733,358,748,308,749
894,135,948,134,948,148,894,149
925,273,978,274,978,287,925,285
946,3,996,3,996,18,946,17
526,136,584,138,584,154,526,153
822,410,878,411,878,424,822,423
908,535,959,537,958,550,908,549
310,211,376,213,375,228,309,226
139,501,203,502,203,516,139,515
821,1006,867,1006,867,1021,822,1021
614,61,662,60,663,79,614,80
460,454,518,456,517,471,459,470
534,687,601,688,601,703,534,701
870,483,913,482,913,495,870,496
827,536,888,536,888,549,828,550
327,231,376,231,377,245,327,245
1003,135,1053,134,1053,149,1004,149
199,483,256,483,256,496,200,497
334,134,405,133,405,149,334,150
205,367,256,368,256,381,205,381
606,534,664,535,664,551,606,550
229,9,279,8,279,25,230,26
505,722,563,723,562,738,504,737
515,738,558,739,557,753,514,751
202,651,258,650,258,664,202,664
201,670,280,672,279,688,201,687
917,252,994,253,994,269,917,268
821,390,891,392,891,407,820,405
144,518,193,519,192,533,144,532
205,517,266,518,266,534,205,533
820,368,862,369,861,382,819,381
233,386,272,387,272,400,233,399
190,734,263,733,263,747,190,748
520,392,577,391,577,408,520,408
659,113,756,116,755,135,659,133
123,309,162,309,162,322,123,323
124,212,185,214,184,228,124,226
879,351,930,350,930,364,879,365
346,672,395,671,395,688,346,689
127,463,173,464,173,478,127,477
298,536,351,535,351,550,298,551
1025,98,1064,99,1064,113,1025,112
824,464,871,465,871,478,824,477
498,643,563,643,564,657,498,658
661,3,711,4,711,18,661,18
461,413,524,414,524,428,461,428
243,310,300,310,300,323,243,324
1045,196,1081,195,1081,209,1045,209
268,212,319,212,319,227,268,226
253,446,305,447,305,462,253,460
119,231,176,231,175,245,119,244
970,446,1023,446,1023,460,970,461
462,535,526,535,526,551,462,551
226,554,264,554,264,568,226,568
937,170,973,171,973,185,937,184
607,500,656,499,657,513,607,514
928,829,962,830,962,845,928,844
880,1005,936,1006,935,1021,880,1020
461,516,527,517,527,532,461,532
957,99,1010,98,1011,113,957,113
279,464,325,464,325,478,279,477
1064,212,1101,213,1101,228,1064,228
1042,533,1081,534,1080,552,1041,551
873,118,929,116,929,130,873,131
582,61,629,60,629,79,583,80
212,194,256,194,256,209,212,208
457,996,505,996,506,1019,458,1019
821,755,858,754,858,770,822,771
531,662,580,663,580,676,531,675
855,428,908,428,908,442,855,442
920,483,969,482,969,495,920,496
224,349,282,348,282,363,224,364
313,408,371,409,371,424,312,423
465,501,509,501,509,515,464,515
849,618,912,617,912,633,849,634
1029,619,1066,619,1066,634,1028,633
553,536,615,535,615,550,553,551
946,350,978,349,978,363,947,364
979,429,1023,429,1023,441,979,440
668,176,704,175,704,188,668,189
344,650,397,650,397,665,345,665
692,159,748,157,748,170,692,171
125,630,171,631,171,645,125,645
890,410,936,410,936,424,890,424
951,192,1035,192,1035,208,952,209
1030,517,1084,517,1084,531,1031,532
915,331,959,329,959,344,915,345
820,135,878,135,878,149,819,148
629,137,683,138,683,153,628,152
209,133,262,134,262,149,209,148
460,739,499,739,499,753,460,752
127,554,175,555,175,569,127,568
171,573,228,574,227,587,170,586
1044,445,1077,446,1076,461,1043,460
311,427,361,429,361,442,310,441
1019,308,1057,309,1056,324,1018,323
575,114,655,116,655,135,575,133
1060,465,1094,466,1094,479,1059,478
127,428,164,429,164,442,126,441
987,331,1046,329,1046,345,987,346
954,392,1013,391,1013,405,955,406
203,117,257,116,258,131,203,132
458,625,505,627,504,642,458,640
985,117,1041,116,1041,131,985,131
357,499,393,501,393,515,356,514
1070,195,1105,195,1104,209,1070,209
1019,411,1052,411,1053,423,1019,424
458,722,496,723,496,737,458,736
595,157,652,157,652,170,595,170
525,705,578,706,578,720,524,719
126,691,171,691,171,705,126,705
589,996,624,997,623,1019,589,1019
199,752,243,752,243,765,199,765
977,410,1015,410,1016,422,977,423
225,292,273,291,274,303,225,304
460,661,487,662,487,675,459,674
563,602,631,600,631,614,563,616
460,643,495,644,495,657,459,656
925,595,982,595,982,610,925,610
538,515,572,517,572,530,538,529
478,580,507,581,506,595,477,594
926,619,982,618,982,633,926,633
611,645,642,644,642,657,611,658
533,157,584,156,584,169,534,170
995,152,1042,153,1041,167,995,167
140,136,187,136,187,149,140,148
949,213,1004,213,1004,227,949,227
168,630,216,630,216,646,168,645
286,671,346,672,346,688,286,687
675,200,707,200,708,214,675,214
821,576,877,577,876,592,821,590
208,810,264,810,264,824,208,825
989,463,1018,464,1018,478,988,477
531,580,563,579,563,593,531,594
548,501,604,500,604,513,549,515
460,393,511,394,511,410,460,410
644,158,676,157,676,169,644,170
128,536,171,537,171,550,128,550
153,752,197,751,197,765,153,766
123,154,169,153,170,166,123,167
346,749,383,748,384,766,346,767
638,645,664,646,664,658,638,657
330,444,389,445,389,461,330,460
281,735,317,734,318,747,282,748
861,368,903,369,903,382,861,381
1011,463,1047,465,1047,479,1011,477
345,517,384,518,384,533,344,532
928,463,976,464,976,479,928,478
923,392,954,392,954,405,923,405
173,154,202,155,201,169,173,167
533,90,566,90,566,109,533,109
584,627,615,626,615,641,584,642
269,794,314,793,315,807,269,808
351,793,378,794,377,808,350,807
241,232,280,231,280,246,241,246
823,555,859,555,858,569,822,568
327,273,379,274,379,287,326,286
883,886,910,887,909,901,883,900
534,995,583,994,583,1020,535,1021
989,518,1020,517,1021,532,989,532
169,553,203,553,203,568,169,569
305,554,344,553,344,568,305,568
598,175,633,175,633,189,598,188
529,3,582,3,582,18,529,18
262,537,293,536,293,549,262,549
821,232,852,233,851,245,820,244
158,429,208,430,207,443,157,441
438,136,473,137,472,153,438,152
280,133,330,134,330,149,280,148
308,573,338,573,338,587,308,586
493,89,529,89,529,110,492,110
564,645,606,645,606,658,564,658
189,230,219,231,219,245,188,245
1010,483,1055,484,1054,496,1010,495
983,535,1009,535,1009,550,983,549
345,464,393,465,393,478,345,477
976,171,1003,173,1003,186,975,184
119,754,153,753,153,767,119,768
633,600,664,600,664,615,633,615
640,178,666,177,667,189,641,190
1058,410,1089,411,1089,424,1057,423
880,501,914,501,915,512,881,513
282,153,311,154,310,167,282,166
350,554,384,555,384,569,350,569
274,752,308,751,308,765,275,766
123,483,147,483,147,496,123,496
884,464,926,465,926,479,884,477
213,170,252,171,252,186,212,185
982,291,1017,291,1017,305,982,305
195,292,222,291,223,304,196,305
255,610,284,611,283,624,254,623
270,367,324,368,323,382,270,381
242,754,283,752,283,765,243,767
986,272,1024,273,1023,287,985,286
663,597,693,598,693,616,662,615
227,328,260,329,260,340,227,340
317,793,349,793,349,808,317,808
491,688,525,689,524,703,490,702
121,770,154,769,154,783,122,784
1026,392,1061,393,1060,407,1026,406
819,118,875,119,875,130,819,130
823,886,860,886,860,901,823,901
122,119,151,120,151,131,122,131
501,501,535,500,535,512,501,513
311,752,339,752,338,766,311,765
551,884,596,885,595,903,550,902
921,637,958,638,958,652,921,652
941,116,986,118,986,131,940,130
522,535,570,535,570,550,522,550
881,576,916,576,917,590,881,591
852,553,896,554,896,568,852,567
214,792,261,791,261,807,214,807
821,618,857,619,857,634,821,633
129,573,159,573,159,586,129,586
1061,136,1091,136,1091,148,1061,149
928,292,972,292,972,305,928,305
971,483,1005,483,1005,495,971,495
154,769,186,770,185,785,153,784
365,366,397,367,397,381,364,381
260,408,283,409,282,423,259,423
226,98,264,99,264,114,225,114
602,138,638,139,637,152,601,152
989,619,1015,618,1015,633,989,633
284,574,306,574,306,586,283,586
283,409,314,408,315,425,283,425
1044,155,1069,154,1069,167,1045,168
147,482,172,483,171,495,147,494
496,660,525,661,525,675,495,674
903,153,934,153,934,168,903,167
300,273,325,274,324,287,299,286
582,552,622,551,622,566,583,566
460,600,490,601,490,614,460,614
336,483,369,483,369,496,336,495
1013,534,1043,534,1043,552,1013,552
648,517,681,517,681,532,648,532
121,520,144,520,144,532,121,532
821,483,860,483,859,495,820,495
338,574,382,573,383,586,338,587
329,367,359,368,359,382,328,381
894,830,928,829,928,844,895,845
896,232,927,233,926,245,896,244
907,446,939,445,940,460,907,460
121,500,148,501,147,515,121,514
121,447,150,448,150,461,121,460
249,809,290,811,290,826,248,825
861,597,896,597,896,611,861,610
172,537,200,536,201,549,172,550
208,270,280,272,280,287,208,285
178,386,225,387,224,400,178,399
168,609,210,608,211,623,169,624
485,158,522,157,522,170,485,170
563,629,584,628,584,641,563,641
177,793,213,792,214,806,177,807
955,153,977,154,977,166,955,166
180,135,208,136,208,149,179,148
959,136,989,136,989,148,959,148
316,691,348,690,348,706,316,706
942,1007,970,1008,969,1022,942,1021
1076,445,1098,446,1097,461,1076,461
565,516,602,517,602,531,565,530
960,409,985,410,985,422,960,422
566,739,591,740,590,753,566,752
308,648,344,649,343,664,308,663
823,597,857,597,857,611,823,611
252,572,278,572,278,586,252,586
903,2,941,3,941,18,903,18
982,500,1012,499,1013,514,982,514
302,154,326,154,326,167,302,166
1072,619,1108,619,1108,633,1072,634
910,430,938,430,938,441,910,440
185,768,213,769,212,784,185,783
865,830,897,830,897,845,865,845
367,100,393,100,393,112,367,112
952,535,983,534,983,549,952,550
304,310,325,310,325,323,304,323
461,688,490,688,490,702,461,701
515,550,548,550,548,565,515,565
945,446,970,447,970,461,944,460
987,350,1019,351,1019,365,987,363
364,428,388,429,387,443,363,441
513,454,544,455,544,469,512,468
300,232,325,232,325,246,299,246
201,610,230,609,230,622,201,623
918,99,948,99,948,112,918,112
255,592,280,593,280,604,255,604
1072,500,1108,500,1108,516,1072,516
129,609,154,609,154,622,129,622
928,153,954,151,955,166,928,168
370,481,402,482,401,495,370,494
172,484,198,484,198,495,172,495
511,580,530,580,529,594,511,594
311,168,353,171,352,184,310,181
168,213,210,213,210,226,168,226
1035,117,1063,116,1063,130,1035,131
896,392,921,391,921,405,896,406
884,519,910,518,911,530,884,531
883,637,916,637,916,652,883,652
899,167,928,168,928,185,898,184
558,551,583,552,583,566,557,566
314,463,350,465,350,480,314,478
273,292,299,292,299,305,273,305
176,649,208,651,207,665,175,663
504,705,529,706,528,719,503,718
367,212,394,213,393,228,366,227
981,135,1018,135,1018,150,981,149
278,554,302,554,302,568,277,568
820,428,845,428,845,441,820,441
232,574,253,574,253,587,232,587
